OUTPUT
number of predictions:	2000000
number of mispredictions:	313703
misprediction rate:	15.685150
FINAL GSHARE CONTENTS
0	0
1	0
2	0
3	2
4	0
5	0
6	0
7	0
8	7
9	0
10	0
11	0
12	6
13	1
14	6
15	6
16	1
17	6
18	0
19	1
20	4
21	7
22	6
23	6
24	7
25	7
26	7
27	0
28	7
29	0
30	7
31	5
32	7
33	7
34	0
35	0
36	7
37	0
38	1
39	0
40	7
41	7
42	0
43	0
44	0
45	7
46	7
47	0
48	1
49	0
50	7
51	7
52	0
53	0
54	0
55	0
56	7
57	0
58	0
59	1
60	1
61	0
62	0
63	0
64	7
65	0
66	7
67	7
68	0
69	4
70	7
71	0
72	7
73	7
74	7
75	1
76	2
77	2
78	5
79	7
80	6
81	7
82	1
83	0
84	7
85	7
86	7
87	3
88	0
89	7
90	6
91	0
92	7
93	0
94	0
95	0
96	7
97	1
98	7
99	1
100	7
101	0
102	0
103	0
104	7
105	5
106	6
107	0
108	1
109	7
110	7
111	7
112	0
113	7
114	0
115	0
116	0
117	0
118	0
119	0
120	6
121	7
122	0
123	7
124	7
125	1
126	0
127	2
128	3
129	0
130	2
131	0
132	4
133	1
134	0
135	5
136	0
137	0
138	5
139	1
140	3
141	0
142	7
143	3
144	0
145	1
146	7
147	0
148	0
149	2
150	0
151	0
152	2
153	1
154	0
155	0
156	4
157	6
158	7
159	7
160	0
161	0
162	0
163	0
164	7
165	7
166	7
167	0
168	2
169	0
170	0
171	7
172	6
173	0
174	4
175	0
176	7
177	0
178	0
179	0
180	0
181	0
182	7
183	6
184	0
185	5
186	6
187	4
188	1
189	0
190	0
191	7
192	7
193	1
194	0
195	0
196	0
197	4
198	0
199	0
200	0
201	0
202	7
203	0
204	0
205	0
206	7
207	0
208	7
209	0
210	7
211	0
212	0
213	6
214	0
215	6
216	0
217	0
218	0
219	0
220	0
221	0
222	7
223	0
224	0
225	7
226	0
227	6
228	7
229	6
230	0
231	0
232	7
233	0
234	0
235	7
236	7
237	3
238	7
239	0
240	0
241	0
242	0
243	2
244	7
245	2
246	7
247	7
248	7
249	5
250	7
251	7
252	7
253	7
254	6
255	6
256	7
257	6
258	0
259	0
260	5
261	7
262	0
263	7
264	3
265	1
266	7
267	6
268	7
269	3
270	0
271	2
272	0
273	0
274	0
275	2
276	0
277	0
278	7
279	7
280	7
281	0
282	0
283	7
284	0
285	7
286	0
287	7
288	7
289	7
290	7
291	4
292	2
293	3
294	0
295	3
296	0
297	4
298	0
299	2
300	0
301	0
302	1
303	6
304	7
305	7
306	7
307	7
308	2
309	0
310	5
311	7
312	7
313	0
314	5
315	7
316	6
317	7
318	7
319	0
320	0
321	0
322	2
323	7
324	7
325	0
326	6
327	7
328	7
329	4
330	0
331	7
332	0
333	7
334	0
335	3
336	0
337	1
338	0
339	7
340	7
341	1
342	6
343	7
344	5
345	0
346	0
347	7
348	5
349	1
350	7
351	7
352	7
353	0
354	0
355	0
356	0
357	7
358	0
359	0
360	0
361	1
362	0
363	0
364	7
365	7
366	5
367	7
368	0
369	7
370	1
371	0
372	1
373	7
374	0
375	0
376	1
377	7
378	3
379	7
380	0
381	7
382	0
383	7
384	7
385	0
386	1
387	3
388	7
389	7
390	2
391	7
392	6
393	7
394	1
395	7
396	0
397	0
398	0
399	3
400	7
401	0
402	0
403	0
404	7
405	0
406	7
407	0
408	7
409	7
410	5
411	7
412	7
413	6
414	7
415	7
416	7
417	7
418	5
419	0
420	6
421	7
422	7
423	0
424	0
425	0
426	0
427	0
428	0
429	0
430	4
431	3
432	0
433	5
434	7
435	0
436	0
437	1
438	7
439	0
440	0
441	7
442	6
443	0
444	0
445	0
446	7
447	7
448	0
449	6
450	7
451	7
452	5
453	0
454	0
455	2
456	7
457	0
458	7
459	0
460	7
461	7
462	6
463	6
464	7
465	0
466	0
467	6
468	6
469	0
470	7
471	3
472	5
473	0
474	5
475	6
476	7
477	0
478	0
479	7
480	7
481	7
482	3
483	0
484	7
485	6
486	3
487	7
488	5
489	0
490	7
491	7
492	7
493	0
494	7
495	7
496	6
497	0
498	0
499	7
500	7
501	0
502	0
503	0
504	7
505	0
506	0
507	7
508	5
509	7
510	7
511	4
512	6
513	2
514	7
515	6
516	0
517	7
518	0
519	0
520	0
521	1
522	7
523	6
524	0
525	0
526	0
527	0
528	3
529	0
530	0
531	4
532	0
533	5
534	0
535	3
536	0
537	0
538	1
539	7
540	0
541	0
542	1
543	1
544	0
545	6
546	6
547	0
548	4
549	4
550	0
551	7
552	7
553	5
554	1
555	7
556	7
557	4
558	0
559	0
560	0
561	2
562	7
563	7
564	5
565	3
566	1
567	1
568	0
569	0
570	1
571	6
572	0
573	7
574	0
575	0
576	5
577	7
578	1
579	7
580	7
581	0
582	0
583	7
584	6
585	5
586	0
587	7
588	4
589	7
590	7
591	7
592	1
593	7
594	0
595	5
596	7
597	0
598	0
599	0
600	7
601	2
602	7
603	7
604	7
605	2
606	6
607	7
608	7
609	0
610	7
611	1
612	1
613	0
614	0
615	0
616	5
617	7
618	7
619	2
620	0
621	0
622	0
623	0
624	0
625	0
626	7
627	0
628	6
629	0
630	1
631	0
632	7
633	7
634	0
635	1
636	0
637	0
638	7
639	0
640	7
641	7
642	4
643	7
644	7
645	6
646	4
647	7
648	7
649	7
650	7
651	7
652	7
653	0
654	0
655	7
656	7
657	7
658	7
659	0
660	7
661	1
662	1
663	7
664	0
665	7
666	4
667	7
668	5
669	6
670	7
671	0
672	0
673	6
674	7
675	0
676	7
677	0
678	1
679	0
680	7
681	7
682	0
683	1
684	7
685	6
686	3
687	7
688	7
689	7
690	0
691	1
692	3
693	0
694	5
695	0
696	0
697	4
698	0
699	0
700	4
701	0
702	7
703	7
704	7
705	7
706	7
707	7
708	7
709	7
710	1
711	2
712	2
713	7
714	0
715	0
716	0
717	0
718	0
719	6
720	7
721	4
722	0
723	7
724	0
725	7
726	7
727	7
728	7
729	7
730	3
731	7
732	0
733	3
734	7
735	0
736	5
737	7
738	0
739	5
740	7
741	7
742	7
743	7
744	7
745	7
746	7
747	7
748	3
749	7
750	0
751	2
752	0
753	0
754	6
755	0
756	0
757	0
758	0
759	3
760	7
761	7
762	0
763	0
764	7
765	3
766	3
767	2
768	7
769	1
770	0
771	0
772	7
773	1
774	0
775	0
776	1
777	0
778	6
779	7
780	0
781	5
782	2
783	0
784	7
785	3
786	7
787	3
788	2
789	3
790	2
791	0
792	0
793	7
794	0
795	1
796	0
797	0
798	7
799	7
800	0
801	7
802	7
803	7
804	0
805	0
806	5
807	2
808	3
809	0
810	3
811	0
812	6
813	0
814	0
815	7
816	0
817	0
818	7
819	0
820	0
821	0
822	0
823	0
824	1
825	0
826	0
827	3
828	0
829	1
830	7
831	0
832	0
833	7
834	0
835	0
836	1
837	1
838	0
839	0
840	4
841	2
842	7
843	0
844	0
845	0
846	7
847	0
848	6
849	3
850	0
851	7
852	6
853	7
854	0
855	0
856	0
857	7
858	2
859	6
860	5
861	0
862	7
863	3
864	6
865	5
866	0
867	1
868	7
869	4
870	5
871	7
872	1
873	7
874	0
875	7
876	7
877	4
878	7
879	7
880	0
881	0
882	7
883	7
884	7
885	7
886	7
887	7
888	0
889	0
890	4
891	2
892	2
893	2
894	6
895	0
896	7
897	7
898	0
899	2
900	5
901	2
902	0
903	4
904	7
905	3
906	7
907	0
908	7
909	0
910	7
911	4
912	7
913	0
914	2
915	0
916	0
917	0
918	0
919	3
920	0
921	6
922	2
923	0
924	4
925	1
926	0
927	7
928	0
929	2
930	0
931	0
932	0
933	0
934	7
935	1
936	7
937	7
938	2
939	0
940	0
941	0
942	4
943	0
944	3
945	3
946	7
947	7
948	0
949	0
950	0
951	0
952	7
953	0
954	5
955	0
956	7
957	7
958	7
959	7
960	1
961	0
962	0
963	0
964	4
965	0
966	4
967	0
968	0
969	6
970	6
971	1
972	2
973	0
974	0
975	0
976	4
977	7
978	3
979	5
980	2
981	5
982	6
983	5
984	7
985	6
986	0
987	4
988	6
989	7
990	7
991	0
992	2
993	0
994	0
995	2
996	2
997	7
998	7
999	6
1000	7
1001	7
1002	3
1003	2
1004	0
1005	0
1006	0
1007	6
1008	0
1009	7
1010	2
1011	0
1012	7
1013	7
1014	0
1015	0
1016	7
1017	7
1018	4
1019	1
1020	7
1021	0
1022	0
1023	0
1024	6
1025	6
1026	5
1027	7
1028	7
1029	7
1030	6
1031	7
1032	3
1033	7
1034	7
1035	0
1036	7
1037	6
1038	1
1039	5
1040	6
1041	6
1042	0
1043	7
1044	0
1045	7
1046	0
1047	7
1048	7
1049	6
1050	7
1051	7
1052	6
1053	0
1054	7
1055	0
1056	7
1057	7
1058	5
1059	0
1060	7
1061	7
1062	3
1063	7
1064	5
1065	7
1066	6
1067	3
1068	0
1069	7
1070	2
1071	0
1072	6
1073	7
1074	7
1075	7
1076	7
1077	0
1078	0
1079	7
1080	0
1081	6
1082	5
1083	0
1084	6
1085	0
1086	0
1087	7
1088	0
1089	7
1090	0
1091	7
1092	7
1093	1
1094	0
1095	7
1096	6
1097	7
1098	7
1099	0
1100	0
1101	7
1102	1
1103	4
1104	0
1105	0
1106	7
1107	5
1108	7
1109	1
1110	0
1111	7
1112	7
1113	7
1114	7
1115	1
1116	7
1117	7
1118	7
1119	0
1120	0
1121	0
1122	0
1123	2
1124	0
1125	6
1126	0
1127	0
1128	7
1129	7
1130	0
1131	6
1132	0
1133	7
1134	0
1135	6
1136	7
1137	0
1138	0
1139	7
1140	7
1141	0
1142	7
1143	5
1144	3
1145	0
1146	1
1147	6
1148	7
1149	7
1150	7
1151	0
1152	7
1153	5
1154	7
1155	0
1156	7
1157	0
1158	7
1159	0
1160	7
1161	5
1162	0
1163	0
1164	7
1165	0
1166	0
1167	7
1168	5
1169	6
1170	7
1171	7
1172	7
1173	7
1174	7
1175	7
1176	7
1177	1
1178	0
1179	7
1180	6
1181	7
1182	2
1183	6
1184	7
1185	7
1186	7
1187	7
1188	3
1189	7
1190	0
1191	0
1192	6
1193	7
1194	7
1195	7
1196	7
1197	7
1198	7
1199	7
1200	0
1201	0
1202	0
1203	0
1204	4
1205	3
1206	7
1207	7
1208	4
1209	1
1210	0
1211	0
1212	7
1213	7
1214	7
1215	1
1216	7
1217	7
1218	7
1219	4
1220	4
1221	0
1222	7
1223	7
1224	7
1225	7
1226	0
1227	5
1228	7
1229	7
1230	5
1231	4
1232	0
1233	0
1234	0
1235	0
1236	7
1237	0
1238	0
1239	1
1240	0
1241	3
1242	0
1243	0
1244	0
1245	3
1246	0
1247	6
1248	7
1249	0
1250	5
1251	0
1252	6
1253	7
1254	5
1255	7
1256	0
1257	0
1258	0
1259	0
1260	7
1261	7
1262	4
1263	0
1264	5
1265	3
1266	0
1267	3
1268	6
1269	1
1270	1
1271	0
1272	0
1273	1
1274	0
1275	7
1276	0
1277	6
1278	7
1279	3
1280	4
1281	0
1282	6
1283	0
1284	7
1285	2
1286	7
1287	2
1288	1
1289	7
1290	7
1291	5
1292	0
1293	0
1294	5
1295	0
1296	0
1297	7
1298	0
1299	7
1300	6
1301	6
1302	7
1303	7
1304	7
1305	0
1306	0
1307	3
1308	7
1309	7
1310	1
1311	7
1312	4
1313	7
1314	7
1315	0
1316	7
1317	7
1318	7
1319	6
1320	0
1321	1
1322	0
1323	7
1324	1
1325	0
1326	0
1327	7
1328	7
1329	7
1330	0
1331	7
1332	4
1333	1
1334	0
1335	0
1336	6
1337	5
1338	7
1339	7
1340	7
1341	0
1342	7
1343	1
1344	0
1345	7
1346	0
1347	7
1348	7
1349	0
1350	7
1351	7
1352	7
1353	5
1354	4
1355	7
1356	7
1357	2
1358	7
1359	1
1360	7
1361	0
1362	5
1363	6
1364	3
1365	1
1366	7
1367	7
1368	0
1369	0
1370	7
1371	0
1372	3
1373	0
1374	4
1375	7
1376	0
1377	0
1378	0
1379	0
1380	0
1381	0
1382	7
1383	0
1384	0
1385	0
1386	1
1387	7
1388	7
1389	7
1390	7
1391	7
1392	0
1393	0
1394	0
1395	0
1396	0
1397	0
1398	0
1399	1
1400	7
1401	7
1402	3
1403	6
1404	7
1405	7
1406	7
1407	0
1408	7
1409	2
1410	3
1411	0
1412	0
1413	7
1414	0
1415	0
1416	0
1417	7
1418	0
1419	7
1420	1
1421	6
1422	0
1423	0
1424	0
1425	7
1426	7
1427	5
1428	7
1429	7
1430	7
1431	7
1432	7
1433	7
1434	4
1435	0
1436	0
1437	3
1438	1
1439	1
1440	0
1441	7
1442	0
1443	0
1444	0
1445	0
1446	2
1447	7
1448	0
1449	7
1450	0
1451	7
1452	0
1453	0
1454	6
1455	6
1456	7
1457	7
1458	7
1459	6
1460	4
1461	0
1462	6
1463	1
1464	2
1465	1
1466	7
1467	7
1468	1
1469	0
1470	6
1471	7
1472	1
1473	0
1474	0
1475	7
1476	0
1477	5
1478	0
1479	0
1480	3
1481	7
1482	0
1483	0
1484	6
1485	6
1486	0
1487	7
1488	7
1489	0
1490	3
1491	0
1492	7
1493	0
1494	7
1495	7
1496	7
1497	1
1498	0
1499	7
1500	7
1501	5
1502	4
1503	0
1504	0
1505	7
1506	0
1507	2
1508	7
1509	0
1510	0
1511	0
1512	2
1513	0
1514	0
1515	0
1516	7
1517	2
1518	7
1519	7
1520	3
1521	0
1522	7
1523	7
1524	1
1525	0
1526	1
1527	7
1528	0
1529	0
1530	0
1531	6
1532	0
1533	0
1534	0
1535	7
1536	0
1537	7
1538	0
1539	0
1540	7
1541	3
1542	0
1543	0
1544	0
1545	7
1546	0
1547	5
1548	3
1549	0
1550	2
1551	7
1552	6
1553	1
1554	0
1555	0
1556	7
1557	7
1558	0
1559	0
1560	0
1561	0
1562	7
1563	4
1564	0
1565	7
1566	0
1567	1
1568	7
1569	7
1570	0
1571	0
1572	0
1573	7
1574	6
1575	6
1576	1
1577	7
1578	7
1579	7
1580	0
1581	1
1582	7
1583	7
1584	2
1585	3
1586	2
1587	7
1588	0
1589	0
1590	4
1591	6
1592	2
1593	7
1594	0
1595	7
1596	7
1597	0
1598	0
1599	0
1600	5
1601	0
1602	6
1603	0
1604	7
1605	6
1606	0
1607	0
1608	0
1609	0
1610	0
1611	1
1612	7
1613	7
1614	7
1615	1
1616	6
1617	2
1618	1
1619	7
1620	5
1621	7
1622	0
1623	0
1624	0
1625	0
1626	0
1627	0
1628	0
1629	7
1630	0
1631	7
1632	3
1633	1
1634	7
1635	3
1636	6
1637	0
1638	0
1639	0
1640	4
1641	0
1642	7
1643	6
1644	6
1645	0
1646	7
1647	0
1648	2
1649	0
1650	7
1651	4
1652	0
1653	4
1654	5
1655	7
1656	7
1657	5
1658	2
1659	0
1660	4
1661	7
1662	2
1663	7
1664	7
1665	7
1666	7
1667	7
1668	5
1669	0
1670	5
1671	0
1672	3
1673	7
1674	7
1675	7
1676	6
1677	0
1678	7
1679	7
1680	7
1681	1
1682	7
1683	7
1684	0
1685	7
1686	4
1687	0
1688	7
1689	2
1690	6
1691	7
1692	0
1693	1
1694	0
1695	0
1696	0
1697	7
1698	7
1699	0
1700	0
1701	7
1702	7
1703	0
1704	3
1705	3
1706	2
1707	0
1708	5
1709	0
1710	7
1711	4
1712	7
1713	7
1714	7
1715	3
1716	7
1717	7
1718	0
1719	7
1720	7
1721	0
1722	0
1723	7
1724	7
1725	7
1726	7
1727	0
1728	0
1729	7
1730	4
1731	4
1732	7
1733	7
1734	5
1735	0
1736	7
1737	7
1738	0
1739	7
1740	7
1741	7
1742	0
1743	0
1744	3
1745	7
1746	2
1747	7
1748	4
1749	0
1750	6
1751	7
1752	7
1753	7
1754	7
1755	1
1756	0
1757	4
1758	0
1759	6
1760	0
1761	5
1762	0
1763	0
1764	0
1765	7
1766	0
1767	0
1768	7
1769	1
1770	0
1771	7
1772	4
1773	7
1774	1
1775	1
1776	7
1777	7
1778	5
1779	1
1780	0
1781	0
1782	1
1783	7
1784	7
1785	0
1786	7
1787	7
1788	7
1789	0
1790	7
1791	0
1792	2
1793	7
1794	7
1795	7
1796	0
1797	7
1798	0
1799	7
1800	7
1801	0
1802	7
1803	0
1804	7
1805	0
1806	1
1807	0
1808	3
1809	7
1810	1
1811	7
1812	3
1813	2
1814	7
1815	7
1816	7
1817	0
1818	7
1819	0
1820	5
1821	0
1822	7
1823	7
1824	7
1825	7
1826	1
1827	0
1828	7
1829	7
1830	7
1831	5
1832	5
1833	4
1834	7
1835	0
1836	7
1837	7
1838	2
1839	0
1840	7
1841	7
1842	6
1843	7
1844	7
1845	4
1846	6
1847	0
1848	5
1849	7
1850	7
1851	3
1852	2
1853	2
1854	7
1855	7
1856	4
1857	1
1858	0
1859	4
1860	0
1861	0
1862	7
1863	7
1864	0
1865	3
1866	0
1867	7
1868	5
1869	7
1870	7
1871	7
1872	5
1873	4
1874	7
1875	7
1876	7
1877	1
1878	0
1879	0
1880	7
1881	5
1882	7
1883	3
1884	0
1885	0
1886	7
1887	0
1888	2
1889	0
1890	6
1891	0
1892	0
1893	0
1894	3
1895	0
1896	7
1897	7
1898	7
1899	0
1900	0
1901	6
1902	0
1903	0
1904	0
1905	7
1906	0
1907	0
1908	0
1909	7
1910	4
1911	7
1912	7
1913	7
1914	7
1915	5
1916	0
1917	2
1918	0
1919	0
1920	0
1921	7
1922	7
1923	6
1924	7
1925	7
1926	7
1927	7
1928	0
1929	7
1930	7
1931	0
1932	1
1933	4
1934	2
1935	1
1936	1
1937	7
1938	7
1939	7
1940	2
1941	0
1942	7
1943	5
1944	6
1945	1
1946	3
1947	0
1948	0
1949	7
1950	7
1951	5
1952	0
1953	7
1954	5
1955	0
1956	5
1957	7
1958	7
1959	0
1960	0
1961	7
1962	5
1963	0
1964	4
1965	0
1966	7
1967	0
1968	7
1969	7
1970	5
1971	3
1972	5
1973	1
1974	7
1975	7
1976	0
1977	3
1978	0
1979	0
1980	0
1981	5
1982	2
1983	0
1984	7
1985	0
1986	0
1987	0
1988	7
1989	2
1990	4
1991	0
1992	7
1993	0
1994	0
1995	4
1996	2
1997	0
1998	6
1999	0
2000	0
2001	7
2002	0
2003	2
2004	0
2005	6
2006	0
2007	1
2008	0
2009	6
2010	7
2011	7
2012	0
2013	0
2014	0
2015	0
2016	0
2017	0
2018	7
2019	2
2020	2
2021	7
2022	5
2023	7
2024	7
2025	7
2026	6
2027	0
2028	7
2029	0
2030	0
2031	6
2032	7
2033	0
2034	6
2035	7
2036	0
2037	3
2038	0
2039	7
2040	2
2041	7
2042	6
2043	0
2044	7
2045	0
2046	7
2047	5
2048	7
2049	1
2050	1
2051	7
2052	0
2053	7
2054	2
2055	7
2056	7
2057	7
2058	1
2059	1
2060	0
2061	2
2062	4
2063	0
2064	0
2065	7
2066	7
2067	4
2068	0
2069	2
2070	7
2071	1
2072	0
2073	0
2074	7
2075	0
2076	7
2077	0
2078	7
2079	0
2080	2
2081	7
2082	7
2083	4
2084	7
2085	0
2086	5
2087	7
2088	2
2089	7
2090	7
2091	7
2092	0
2093	6
2094	7
2095	6
2096	6
2097	7
2098	7
2099	7
2100	7
2101	7
2102	7
2103	0
2104	0
2105	7
2106	1
2107	7
2108	0
2109	7
2110	5
2111	0
2112	0
2113	6
2114	1
2115	5
2116	0
2117	0
2118	7
2119	7
2120	7
2121	0
2122	7
2123	1
2124	0
2125	7
2126	0
2127	3
2128	0
2129	0
2130	4
2131	0
2132	0
2133	6
2134	7
2135	7
2136	7
2137	7
2138	3
2139	0
2140	7
2141	7
2142	0
2143	4
2144	7
2145	7
2146	0
2147	1
2148	7
2149	0
2150	0
2151	7
2152	7
2153	1
2154	7
2155	7
2156	1
2157	1
2158	0
2159	6
2160	1
2161	7
2162	2
2163	6
2164	6
2165	7
2166	6
2167	1
2168	3
2169	0
2170	0
2171	0
2172	5
2173	0
2174	1
2175	7
2176	0
2177	7
2178	7
2179	7
2180	7
2181	4
2182	0
2183	5
2184	7
2185	7
2186	0
2187	0
2188	7
2189	0
2190	0
2191	7
2192	0
2193	0
2194	0
2195	3
2196	0
2197	6
2198	0
2199	7
2200	2
2201	2
2202	7
2203	7
2204	0
2205	0
2206	7
2207	7
2208	2
2209	7
2210	0
2211	7
2212	0
2213	1
2214	1
2215	7
2216	7
2217	7
2218	0
2219	7
2220	1
2221	0
2222	7
2223	7
2224	7
2225	7
2226	7
2227	7
2228	7
2229	0
2230	1
2231	2
2232	7
2233	1
2234	6
2235	7
2236	7
2237	7
2238	0
2239	7
2240	0
2241	7
2242	3
2243	7
2244	0
2245	7
2246	4
2247	6
2248	5
2249	7
2250	0
2251	7
2252	0
2253	6
2254	0
2255	7
2256	3
2257	7
2258	7
2259	7
2260	1
2261	3
2262	0
2263	7
2264	1
2265	7
2266	7
2267	7
2268	0
2269	0
2270	7
2271	6
2272	0
2273	6
2274	1
2275	5
2276	7
2277	7
2278	2
2279	0
2280	0
2281	0
2282	0
2283	7
2284	1
2285	7
2286	0
2287	0
2288	0
2289	0
2290	7
2291	0
2292	7
2293	7
2294	0
2295	3
2296	7
2297	7
2298	7
2299	6
2300	7
2301	7
2302	7
2303	5
2304	0
2305	0
2306	0
2307	7
2308	0
2309	7
2310	7
2311	0
2312	0
2313	7
2314	0
2315	0
2316	0
2317	7
2318	0
2319	0
2320	4
2321	0
2322	0
2323	7
2324	0
2325	7
2326	0
2327	0
2328	7
2329	0
2330	7
2331	7
2332	0
2333	0
2334	1
2335	0
2336	0
2337	0
2338	1
2339	0
2340	6
2341	7
2342	0
2343	0
2344	7
2345	0
2346	4
2347	0
2348	0
2349	0
2350	0
2351	1
2352	0
2353	7
2354	7
2355	0
2356	7
2357	3
2358	0
2359	7
2360	0
2361	6
2362	7
2363	0
2364	0
2365	7
2366	0
2367	7
2368	0
2369	0
2370	7
2371	7
2372	4
2373	0
2374	0
2375	1
2376	0
2377	7
2378	0
2379	1
2380	7
2381	7
2382	3
2383	1
2384	2
2385	7
2386	0
2387	1
2388	6
2389	0
2390	1
2391	7
2392	7
2393	0
2394	7
2395	0
2396	7
2397	0
2398	7
2399	3
2400	0
2401	3
2402	7
2403	7
2404	7
2405	4
2406	4
2407	7
2408	3
2409	7
2410	0
2411	6
2412	7
2413	0
2414	7
2415	0
2416	7
2417	7
2418	0
2419	0
2420	0
2421	0
2422	7
2423	0
2424	1
2425	7
2426	0
2427	0
2428	7
2429	3
2430	6
2431	7
2432	5
2433	1
2434	7
2435	1
2436	3
2437	1
2438	7
2439	4
2440	0
2441	6
2442	0
2443	5
2444	0
2445	0
2446	0
2447	7
2448	0
2449	7
2450	0
2451	1
2452	0
2453	0
2454	0
2455	7
2456	0
2457	0
2458	6
2459	1
2460	0
2461	7
2462	7
2463	7
2464	7
2465	5
2466	1
2467	7
2468	6
2469	4
2470	7
2471	7
2472	7
2473	6
2474	7
2475	0
2476	7
2477	4
2478	7
2479	0
2480	0
2481	6
2482	0
2483	0
2484	0
2485	0
2486	5
2487	0
2488	3
2489	0
2490	0
2491	7
2492	7
2493	4
2494	1
2495	7
2496	0
2497	2
2498	0
2499	0
2500	0
2501	7
2502	0
2503	0
2504	0
2505	0
2506	7
2507	4
2508	3
2509	0
2510	0
2511	7
2512	1
2513	7
2514	4
2515	0
2516	6
2517	7
2518	7
2519	7
2520	0
2521	3
2522	0
2523	7
2524	7
2525	2
2526	0
2527	7
2528	7
2529	0
2530	2
2531	7
2532	0
2533	0
2534	7
2535	2
2536	7
2537	0
2538	0
2539	0
2540	7
2541	6
2542	1
2543	3
2544	5
2545	7
2546	0
2547	2
2548	7
2549	0
2550	0
2551	7
2552	5
2553	0
2554	7
2555	5
2556	0
2557	0
2558	6
2559	0
2560	4
2561	0
2562	7
2563	7
2564	2
2565	0
2566	7
2567	2
2568	0
2569	7
2570	0
2571	7
2572	7
2573	7
2574	0
2575	5
2576	0
2577	7
2578	0
2579	4
2580	0
2581	0
2582	7
2583	6
2584	0
2585	7
2586	0
2587	0
2588	7
2589	6
2590	2
2591	0
2592	0
2593	0
2594	0
2595	0
2596	3
2597	0
2598	7
2599	7
2600	0
2601	0
2602	1
2603	0
2604	0
2605	0
2606	0
2607	0
2608	2
2609	0
2610	0
2611	0
2612	7
2613	7
2614	5
2615	1
2616	1
2617	0
2618	0
2619	0
2620	7
2621	0
2622	6
2623	1
2624	0
2625	0
2626	7
2627	7
2628	3
2629	0
2630	0
2631	0
2632	0
2633	2
2634	0
2635	7
2636	0
2637	0
2638	7
2639	7
2640	0
2641	6
2642	7
2643	0
2644	0
2645	0
2646	0
2647	0
2648	2
2649	0
2650	7
2651	0
2652	2
2653	0
2654	3
2655	0
2656	7
2657	3
2658	1
2659	0
2660	0
2661	0
2662	6
2663	6
2664	0
2665	0
2666	0
2667	0
2668	0
2669	7
2670	6
2671	7
2672	0
2673	0
2674	0
2675	6
2676	0
2677	5
2678	0
2679	6
2680	6
2681	0
2682	6
2683	7
2684	1
2685	0
2686	7
2687	6
2688	0
2689	7
2690	7
2691	2
2692	7
2693	0
2694	3
2695	0
2696	6
2697	6
2698	7
2699	6
2700	5
2701	2
2702	0
2703	6
2704	0
2705	7
2706	1
2707	0
2708	6
2709	5
2710	7
2711	0
2712	0
2713	6
2714	0
2715	5
2716	0
2717	7
2718	3
2719	7
2720	1
2721	7
2722	6
2723	0
2724	2
2725	0
2726	0
2727	0
2728	7
2729	0
2730	0
2731	0
2732	7
2733	7
2734	7
2735	1
2736	1
2737	0
2738	3
2739	0
2740	7
2741	0
2742	0
2743	0
2744	1
2745	0
2746	0
2747	7
2748	0
2749	1
2750	7
2751	0
2752	0
2753	0
2754	1
2755	5
2756	0
2757	7
2758	0
2759	2
2760	7
2761	7
2762	7
2763	0
2764	6
2765	7
2766	0
2767	0
2768	3
2769	2
2770	7
2771	2
2772	0
2773	1
2774	4
2775	7
2776	1
2777	7
2778	6
2779	0
2780	7
2781	3
2782	2
2783	6
2784	0
2785	6
2786	0
2787	5
2788	0
2789	0
2790	0
2791	3
2792	1
2793	0
2794	1
2795	0
2796	0
2797	0
2798	0
2799	7
2800	7
2801	7
2802	0
2803	0
2804	7
2805	5
2806	0
2807	0
2808	7
2809	7
2810	6
2811	7
2812	5
2813	6
2814	1
2815	7
2816	7
2817	6
2818	6
2819	6
2820	7
2821	4
2822	7
2823	5
2824	6
2825	0
2826	7
2827	0
2828	0
2829	0
2830	2
2831	7
2832	7
2833	1
2834	7
2835	0
2836	0
2837	7
2838	0
2839	0
2840	7
2841	7
2842	0
2843	1
2844	0
2845	7
2846	5
2847	1
2848	7
2849	0
2850	0
2851	0
2852	7
2853	7
2854	1
2855	6
2856	7
2857	3
2858	7
2859	0
2860	6
2861	7
2862	0
2863	2
2864	6
2865	0
2866	0
2867	0
2868	7
2869	7
2870	6
2871	7
2872	0
2873	0
2874	1
2875	7
2876	2
2877	1
2878	2
2879	1
2880	0
2881	6
2882	0
2883	0
2884	7
2885	0
2886	7
2887	0
2888	0
2889	7
2890	0
2891	3
2892	0
2893	0
2894	4
2895	4
2896	0
2897	0
2898	0
2899	0
2900	7
2901	7
2902	4
2903	0
2904	7
2905	6
2906	0
2907	0
2908	0
2909	0
2910	0
2911	0
2912	0
2913	0
2914	0
2915	0
2916	1
2917	2
2918	0
2919	0
2920	3
2921	0
2922	7
2923	0
2924	7
2925	6
2926	7
2927	7
2928	2
2929	7
2930	0
2931	0
2932	7
2933	0
2934	2
2935	6
2936	0
2937	0
2938	2
2939	0
2940	2
2941	0
2942	0
2943	2
2944	6
2945	3
2946	0
2947	6
2948	0
2949	0
2950	0
2951	3
2952	0
2953	0
2954	0
2955	0
2956	6
2957	0
2958	0
2959	7
2960	7
2961	0
2962	0
2963	0
2964	0
2965	7
2966	4
2967	0
2968	7
2969	0
2970	0
2971	0
2972	7
2973	0
2974	7
2975	6
2976	1
2977	1
2978	0
2979	0
2980	7
2981	7
2982	0
2983	0
2984	0
2985	0
2986	1
2987	0
2988	0
2989	0
2990	0
2991	7
2992	6
2993	0
2994	0
2995	0
2996	0
2997	0
2998	0
2999	1
3000	7
3001	7
3002	7
3003	7
3004	1
3005	7
3006	4
3007	7
3008	7
3009	0
3010	0
3011	7
3012	0
3013	7
3014	6
3015	7
3016	0
3017	7
3018	0
3019	7
3020	7
3021	7
3022	7
3023	6
3024	0
3025	7
3026	7
3027	4
3028	7
3029	7
3030	6
3031	5
3032	7
3033	7
3034	7
3035	7
3036	0
3037	0
3038	7
3039	7
3040	7
3041	7
3042	7
3043	0
3044	7
3045	7
3046	7
3047	4
3048	0
3049	0
3050	6
3051	7
3052	7
3053	7
3054	7
3055	7
3056	0
3057	0
3058	2
3059	0
3060	7
3061	0
3062	5
3063	6
3064	0
3065	0
3066	7
3067	5
3068	0
3069	7
3070	7
3071	7
3072	0
3073	0
3074	1
3075	0
3076	0
3077	6
3078	6
3079	7
3080	0
3081	1
3082	6
3083	7
3084	7
3085	5
3086	1
3087	0
3088	0
3089	0
3090	0
3091	7
3092	0
3093	2
3094	1
3095	5
3096	7
3097	7
3098	4
3099	0
3100	0
3101	7
3102	4
3103	0
3104	7
3105	7
3106	7
3107	7
3108	7
3109	6
3110	1
3111	0
3112	0
3113	0
3114	0
3115	0
3116	2
3117	0
3118	7
3119	2
3120	7
3121	6
3122	0
3123	3
3124	1
3125	1
3126	7
3127	0
3128	2
3129	1
3130	0
3131	0
3132	6
3133	0
3134	2
3135	2
3136	5
3137	7
3138	7
3139	7
3140	4
3141	0
3142	0
3143	5
3144	7
3145	4
3146	1
3147	0
3148	5
3149	7
3150	7
3151	0
3152	7
3153	1
3154	6
3155	4
3156	0
3157	1
3158	7
3159	0
3160	1
3161	7
3162	6
3163	1
3164	0
3165	0
3166	0
3167	4
3168	3
3169	0
3170	0
3171	0
3172	0
3173	7
3174	0
3175	0
3176	7
3177	2
3178	0
3179	0
3180	0
3181	7
3182	0
3183	0
3184	0
3185	7
3186	7
3187	0
3188	7
3189	0
3190	1
3191	6
3192	7
3193	6
3194	6
3195	0
3196	0
3197	6
3198	0
3199	7
3200	7
3201	0
3202	7
3203	7
3204	7
3205	1
3206	1
3207	7
3208	3
3209	0
3210	7
3211	0
3212	7
3213	0
3214	3
3215	0
3216	0
3217	0
3218	0
3219	0
3220	0
3221	0
3222	2
3223	0
3224	3
3225	0
3226	0
3227	7
3228	0
3229	0
3230	0
3231	7
3232	2
3233	0
3234	0
3235	2
3236	6
3237	1
3238	0
3239	5
3240	7
3241	7
3242	3
3243	7
3244	0
3245	5
3246	0
3247	7
3248	1
3249	0
3250	0
3251	0
3252	0
3253	7
3254	0
3255	0
3256	7
3257	7
3258	0
3259	6
3260	0
3261	0
3262	0
3263	0
3264	7
3265	0
3266	0
3267	0
3268	7
3269	7
3270	1
3271	7
3272	7
3273	0
3274	5
3275	5
3276	0
3277	3
3278	6
3279	0
3280	7
3281	7
3282	0
3283	0
3284	6
3285	0
3286	0
3287	0
3288	4
3289	0
3290	7
3291	0
3292	7
3293	7
3294	7
3295	7
3296	0
3297	6
3298	7
3299	1
3300	7
3301	7
3302	6
3303	0
3304	7
3305	1
3306	7
3307	7
3308	0
3309	7
3310	0
3311	6
3312	0
3313	7
3314	0
3315	7
3316	7
3317	0
3318	5
3319	1
3320	5
3321	0
3322	1
3323	0
3324	1
3325	2
3326	7
3327	7
3328	0
3329	7
3330	0
3331	0
3332	0
3333	2
3334	0
3335	0
3336	0
3337	0
3338	0
3339	4
3340	0
3341	0
3342	0
3343	5
3344	7
3345	0
3346	7
3347	0
3348	6
3349	0
3350	4
3351	7
3352	5
3353	0
3354	7
3355	7
3356	0
3357	0
3358	0
3359	0
3360	0
3361	0
3362	0
3363	0
3364	0
3365	7
3366	0
3367	5
3368	0
3369	0
3370	0
3371	7
3372	7
3373	0
3374	1
3375	0
3376	0
3377	0
3378	0
3379	2
3380	7
3381	7
3382	0
3383	7
3384	0
3385	0
3386	6
3387	0
3388	7
3389	0
3390	0
3391	7
3392	0
3393	0
3394	7
3395	0
3396	0
3397	7
3398	0
3399	7
3400	7
3401	7
3402	2
3403	0
3404	1
3405	7
3406	6
3407	0
3408	0
3409	0
3410	1
3411	0
3412	7
3413	7
3414	1
3415	3
3416	0
3417	0
3418	6
3419	0
3420	7
3421	7
3422	0
3423	0
3424	0
3425	7
3426	0
3427	0
3428	7
3429	0
3430	2
3431	7
3432	0
3433	0
3434	0
3435	2
3436	7
3437	7
3438	2
3439	0
3440	0
3441	0
3442	6
3443	0
3444	7
3445	0
3446	7
3447	2
3448	0
3449	0
3450	7
3451	0
3452	6
3453	0
3454	0
3455	4
3456	0
3457	0
3458	5
3459	7
3460	5
3461	0
3462	0
3463	0
3464	5
3465	6
3466	7
3467	7
3468	0
3469	0
3470	7
3471	0
3472	0
3473	0
3474	0
3475	0
3476	7
3477	0
3478	0
3479	0
3480	7
3481	0
3482	7
3483	1
3484	0
3485	1
3486	0
3487	0
3488	0
3489	7
3490	7
3491	0
3492	0
3493	1
3494	6
3495	0
3496	6
3497	0
3498	7
3499	0
3500	7
3501	7
3502	0
3503	7
3504	0
3505	5
3506	0
3507	0
3508	0
3509	0
3510	6
3511	0
3512	0
3513	0
3514	2
3515	0
3516	1
3517	7
3518	0
3519	7
3520	0
3521	1
3522	0
3523	6
3524	0
3525	0
3526	5
3527	7
3528	0
3529	0
3530	0
3531	0
3532	7
3533	4
3534	7
3535	0
3536	0
3537	6
3538	0
3539	6
3540	0
3541	3
3542	0
3543	7
3544	6
3545	7
3546	0
3547	7
3548	0
3549	3
3550	2
3551	0
3552	0
3553	0
3554	0
3555	3
3556	0
3557	0
3558	0
3559	3
3560	0
3561	6
3562	1
3563	7
3564	1
3565	7
3566	7
3567	7
3568	0
3569	0
3570	7
3571	7
3572	7
3573	1
3574	7
3575	7
3576	3
3577	2
3578	7
3579	0
3580	5
3581	4
3582	0
3583	4
3584	6
3585	0
3586	7
3587	5
3588	7
3589	0
3590	0
3591	7
3592	7
3593	1
3594	0
3595	0
3596	0
3597	7
3598	0
3599	7
3600	7
3601	3
3602	7
3603	7
3604	7
3605	1
3606	0
3607	6
3608	2
3609	7
3610	7
3611	5
3612	0
3613	0
3614	2
3615	7
3616	3
3617	0
3618	7
3619	3
3620	0
3621	0
3622	2
3623	7
3624	7
3625	2
3626	7
3627	0
3628	0
3629	7
3630	4
3631	0
3632	0
3633	0
3634	7
3635	1
3636	7
3637	7
3638	7
3639	2
3640	0
3641	7
3642	7
3643	0
3644	0
3645	5
3646	4
3647	7
3648	0
3649	7
3650	5
3651	7
3652	7
3653	4
3654	7
3655	7
3656	7
3657	0
3658	6
3659	0
3660	0
3661	7
3662	0
3663	0
3664	0
3665	0
3666	7
3667	7
3668	0
3669	0
3670	0
3671	0
3672	7
3673	6
3674	7
3675	0
3676	0
3677	4
3678	0
3679	0
3680	7
3681	0
3682	0
3683	0
3684	0
3685	7
3686	6
3687	0
3688	6
3689	7
3690	0
3691	1
3692	7
3693	7
3694	2
3695	0
3696	0
3697	6
3698	0
3699	7
3700	1
3701	5
3702	5
3703	7
3704	7
3705	7
3706	7
3707	2
3708	7
3709	2
3710	7
3711	7
3712	0
3713	5
3714	2
3715	0
3716	0
3717	5
3718	0
3719	5
3720	0
3721	0
3722	0
3723	3
3724	0
3725	0
3726	0
3727	5
3728	7
3729	0
3730	5
3731	7
3732	1
3733	0
3734	0
3735	0
3736	0
3737	1
3738	0
3739	0
3740	0
3741	0
3742	0
3743	0
3744	7
3745	7
3746	1
3747	7
3748	0
3749	7
3750	7
3751	7
3752	7
3753	7
3754	0
3755	0
3756	6
3757	3
3758	0
3759	0
3760	1
3761	7
3762	7
3763	7
3764	0
3765	6
3766	0
3767	6
3768	0
3769	0
3770	1
3771	2
3772	7
3773	7
3774	0
3775	6
3776	0
3777	0
3778	0
3779	7
3780	2
3781	0
3782	0
3783	7
3784	7
3785	1
3786	1
3787	7
3788	0
3789	7
3790	0
3791	7
3792	7
3793	7
3794	7
3795	0
3796	4
3797	0
3798	0
3799	6
3800	1
3801	1
3802	7
3803	2
3804	0
3805	1
3806	7
3807	0
3808	0
3809	0
3810	0
3811	7
3812	3
3813	0
3814	7
3815	7
3816	7
3817	0
3818	0
3819	7
3820	7
3821	7
3822	0
3823	2
3824	0
3825	7
3826	7
3827	7
3828	5
3829	0
3830	2
3831	7
3832	7
3833	0
3834	0
3835	7
3836	0
3837	0
3838	3
3839	3
3840	0
3841	0
3842	0
3843	1
3844	3
3845	0
3846	2
3847	7
3848	0
3849	0
3850	0
3851	5
3852	5
3853	7
3854	3
3855	0
3856	7
3857	0
3858	7
3859	0
3860	5
3861	0
3862	0
3863	0
3864	0
3865	0
3866	1
3867	0
3868	0
3869	0
3870	0
3871	0
3872	0
3873	0
3874	0
3875	7
3876	7
3877	7
3878	0
3879	0
3880	0
3881	2
3882	7
3883	6
3884	0
3885	0
3886	4
3887	7
3888	0
3889	0
3890	7
3891	0
3892	0
3893	0
3894	0
3895	1
3896	0
3897	0
3898	0
3899	7
3900	0
3901	6
3902	1
3903	7
3904	7
3905	7
3906	7
3907	0
3908	7
3909	7
3910	0
3911	0
3912	7
3913	0
3914	7
3915	7
3916	7
3917	0
3918	0
3919	7
3920	0
3921	0
3922	0
3923	7
3924	7
3925	0
3926	6
3927	0
3928	7
3929	5
3930	0
3931	1
3932	7
3933	0
3934	4
3935	0
3936	0
3937	0
3938	0
3939	3
3940	7
3941	7
3942	4
3943	0
3944	7
3945	6
3946	6
3947	7
3948	7
3949	0
3950	0
3951	0
3952	0
3953	7
3954	7
3955	0
3956	7
3957	0
3958	0
3959	0
3960	0
3961	3
3962	0
3963	7
3964	1
3965	1
3966	0
3967	5
3968	0
3969	0
3970	0
3971	0
3972	0
3973	0
3974	0
3975	7
3976	1
3977	0
3978	0
3979	1
3980	0
3981	0
3982	0
3983	0
3984	0
3985	7
3986	0
3987	0
3988	6
3989	7
3990	0
3991	7
3992	0
3993	0
3994	0
3995	0
3996	0
3997	7
3998	6
3999	7
4000	7
4001	7
4002	7
4003	0
4004	0
4005	0
4006	7
4007	0
4008	7
4009	0
4010	0
4011	7
4012	7
4013	7
4014	0
4015	7
4016	0
4017	4
4018	0
4019	2
4020	7
4021	0
4022	7
4023	0
4024	7
4025	7
4026	6
4027	7
4028	1
4029	3
4030	0
4031	0
4032	0
4033	7
4034	7
4035	6
4036	0
4037	0
4038	0
4039	0
4040	0
4041	7
4042	7
4043	5
4044	0
4045	3
4046	0
4047	0
4048	0
4049	6
4050	7
4051	0
4052	0
4053	0
4054	1
4055	0
4056	6
4057	0
4058	0
4059	7
4060	0
4061	0
4062	6
4063	5
4064	7
4065	0
4066	7
4067	7
4068	0
4069	3
4070	0
4071	7
4072	7
4073	0
4074	0
4075	5
4076	0
4077	4
4078	0
4079	0
4080	5
4081	7
4082	7
4083	1
4084	0
4085	7
4086	7
4087	7
4088	7
4089	0
4090	0
4091	0
4092	0
4093	0
4094	0
4095	7
